.Random.seed <-
c(403L, 10L, -2107745978L, -1377658975L, 1642666547L, -1384884318L, 
-1064480108L, -542340841L, 1768306445L, 2007658020L, 1367102986L, 
1434062709L, 707246799L, -391987754L, 1833537920L, 1100065219L, 
576954209L, -1412069936L, -1526426322L, -2079030055L, -1468096789L, 
1387600730L, -413737700L, 74914847L, -811270027L, 1067711756L, 
168857826L, -1336403523L, -56566217L, -934701858L, 782782488L, 
22622075L, -757682407L, 910070696L, -851500202L, 2064063441L, 
1436315523L, 111434258L, 344083876L, 166902119L, -1149933891L, 
-1261466060L, 612521370L, 237457893L, -131932801L, -316828410L, 
-994857328L, -572561613L, -1393216303L, -1244402048L, -1500170402L, 
1070322857L, 597714779L, -216949398L, 1943908364L, -320657329L, 
-1842708219L, 1561754044L, 396160146L, -257206387L, 88297415L, 
2036708526L, -184666872L, -654728437L, 1899023849L, -859071816L, 
-741982874L, -307268095L, -385998701L, 761502530L, 1398854900L, 
518668535L, 1005566189L, 1622834052L, -1759029846L, 1526319893L, 
-718882385L, -1030948426L, -1806622752L, -207048925L, 1681375297L, 
927963952L, -32140978L, -1671674951L, -157076021L, -291600774L, 
1809165180L, 1956701119L, 1449806997L, -1963519316L, 1382731906L, 
-657366947L, -891087017L, -1010595266L, -2046296456L, -64479909L, 
2113916089L, 1177150728L, -284104778L, -1015558927L, -612922589L, 
-29536910L, -1578637372L, -564968569L, 338104669L, -501280940L, 
1063851386L, 1835659461L, -1942072801L, 1231492518L, -1537517776L, 
1013898707L, 1978690545L, -263434976L, -1403270210L, -33537079L, 
-1362128005L, -1515032246L, 1690066348L, -1704318801L, 393278053L, 
831334940L, 400065650L, -400229651L, 1132652327L, 1699283790L, 
1714817960L, 2107551659L, 76971209L, 1673006296L, 897143174L, 
1397418081L, -380941837L, 2057451618L, 161623764L, -1702447145L, 
1065035213L, 1140916580L, 466601290L, -15219531L, 1274430479L, 
-1975165674L, -425302080L, -1301146749L, -812572255L, -1817522800L, 
-1351991698L, 1913219097L, -886131541L, 1291815066L, 1765759068L, 
900797791L, 755621685L, -1840762164L, 326135842L, -1167582595L, 
651865975L, -534175586L, 1022353240L, -1729131845L, 863818841L, 
-376533016L, 318036502L, -1934287471L, 1703888451L, -862775982L, 
1979120100L, 1658632231L, -536558467L, 2093902196L, -438655654L, 
-1564757083L, 540484543L, 188403782L, -1703895344L, -406607629L, 
-2056667631L, -1583724480L, -1000014818L, 1320524521L, 755007515L, 
1761773610L, 533633868L, 1492695311L, 101739589L, 32239100L, 
2007030866L, -1225687603L, 1861787527L, -1330308498L, -740664760L, 
1134865483L, 1225641385L, 2113003768L, 985941030L, -1182694079L, 
1094234835L, -307758462L, -237297484L, -442970057L, -1039318227L, 
1470625860L, 1321993578L, -1071074859L, 284157807L, -925786506L, 
2093879712L, -582003101L, 184839937L, 1220517488L, 1834662414L, 
2112811641L, -601793013L, -705220806L, -1895410116L, -1320501889L, 
1000394453L, 1815256812L, -805982142L, -835414115L, 1848976919L, 
-924820610L, 906197304L, 457004571L, -1969604743L, -1246334520L, 
-1389351434L, 936939569L, 928455267L, -1955304180L, 458720828L, 
1554258162L, 1995237104L, -1635795132L, 1255130712L, 1197492794L, 
-2107126032L, 987084988L, -895755756L, 585637058L, 241806432L, 
218991996L, -1315366704L, 881249314L, 2096899752L, -1222169716L, 
150197692L, -1992940494L, -668070080L, -167205708L, -217882808L, 
-1974439238L, -912572656L, 2020852972L, 1368239188L, -1143492846L, 
1841848224L, 1604903884L, -1563141280L, -1103649598L, -2036482520L, 
-1074430548L, -1277859012L, 2109511538L, -1739555024L, 1516058148L, 
-1388221384L, -1546835750L, 1480474000L, 93510396L, -136387692L, 
-655204542L, 1808221696L, -1965674948L, 732631632L, -834380126L, 
1479953224L, -409558516L, -184100644L, 2134334034L, 975665280L, 
1924055892L, 1280134632L, -356380934L, -174814384L, 1692126252L, 
1694447988L, 1301223058L, -437461408L, -1344391540L, 1571133280L, 
237970146L, 1325650088L, -405611316L, 1367314940L, -919394382L, 
-1245230608L, 1763128772L, -830721192L, 1016074106L, -862100048L, 
-1495540292L, -506893228L, -2103783486L, 1373574944L, -1720933444L, 
335322704L, 1197595106L, -1431968408L, -2101979828L, 1632566524L, 
-1109335310L, 2045512448L, 562032244L, -1723139064L, 1572669882L, 
1022061520L, 1508677100L, 1352925076L, -1464774958L, 1590250080L, 
-2144610996L, 1071943968L, 1596106370L, -858831384L, -207266836L, 
1846352444L, -1347770766L, 445553520L, -70256348L, 1573513784L, 
529508762L, 458403280L, 1425067452L, -425991020L, -1650339710L, 
-392874560L, -1897691332L, -839034736L, 1852771106L, 2115682824L, 
-1813282548L, 1503668636L, -1273685486L, 534355840L, 1691530004L, 
1791891752L, 880631866L, -1138125872L, 1150568044L, 1834791476L, 
2023200402L, -1528394400L, 1562845516L, -1303972896L, 158532002L, 
-1086430808L, 656522892L, -299452996L, -661249422L, -68211728L, 
368974404L, 446652504L, 587494458L, -2044945296L, 1792754748L, 
2137775380L, 863232706L, 537269984L, -865805188L, 1984840400L, 
-70753886L, 2031686696L, -172026100L, -768621124L, -1245059278L, 
-1478324544L, 1158817844L, -214307128L, 1709091002L, 1986822800L, 
733406956L, 1938004L, 653987474L, 1261294880L, 1146412492L, 781299424L, 
1870200002L, 1031363624L, 39756716L, 802571964L, 181831666L, 
788312624L, 276224932L, -800283208L, -146061478L, -1833248624L, 
-1639831684L, 1112614164L, 474857794L, -589693696L, -583540292L, 
200187216L, -1188689630L, 2009379400L, -1327850484L, -791088548L, 
1576449490L, -609780224L, 1386172756L, -1708522264L, 1804638458L, 
-1449921840L, 935272236L, 1445149940L, 1249539474L, 1701849440L, 
-405805044L, -618845984L, 1174972002L, -580718424L, 328341580L, 
969561980L, 149331250L, 731156080L, -31144124L, 171150296L, -1117253766L, 
-67451856L, 1419632572L, 1331632724L, 56938562L, 2125223584L, 
217909948L, 1211025360L, 1665837410L, -599930136L, 1733121228L, 
-1612035588L, -1397591566L, 1136234624L, -1774080524L, 1249364616L, 
485934906L, -1653851824L, -864946068L, 133825940L, 1332767826L, 
1651380704L, 1846427852L, -364303712L, -1003523710L, 1845581032L, 
-1455899924L, -1351126724L, 1419881586L, 1537439054L, 1997538204L, 
-654079731L, 1222658935L, 1158340480L, 950226398L, -1309707605L, 
-1146786387L, -447184358L, -1041607464L, -2028267199L, 1565245939L, 
-1414526956L, -602616414L, -1370305865L, 2142659713L, 131306630L, 
865063108L, 1680993781L, -359876513L, 699933368L, -2145158250L, 
606210467L, -51380891L, -1615864702L, 1409299952L, 1577730969L, 
85452171L, -681111428L, -54955350L, 1970056415L, -525145495L, 
1771243646L, -1290301332L, -1702729539L, -1161700985L, -1182446224L, 
-766117874L, 435352891L, 1762859549L, -819085622L, -1020249624L, 
522432209L, 1448209091L, 1995416004L, 1818691186L, 954152775L, 
747710225L, 1752521366L, -530628620L, -153302651L, 194348239L, 
-187335224L, 424809574L, 687755923L, -745940491L, -1467878446L, 
2004740128L, -2127478263L, -1262740677L, 1272458892L, 295011098L, 
-1625094769L, 806869721L, 752842094L, 413260028L, 1770971757L, 
-678986217L, -667550752L, -1626748994L, -2007861877L, -1924422131L, 
461060666L, -547384712L, 477084193L, 531141843L, 1799295988L, 
1149383810L, -142336745L, -57455647L, 1687248166L, 520313892L, 
1388615381L, 1430180479L, -887766248L, -1662576074L, -2088420157L, 
44142853L, -344422238L, 1585127056L, 967088697L, 1058874091L, 
299017180L, 1226425866L, -1151338241L, -1342202551L, 722685662L, 
336098444L, 1560970333L, 1122695783L, 547464080L, 225789870L, 
-268794277L, 1654250045L, -1727304534L, -1764876984L, 1221337457L, 
-1174026525L, 979717604L, -55787246L, -876462873L, 1100925617L, 
1392922870L, 442702612L, 846591013L, 228053295L, -1934039320L, 
1547293638L, -908310925L, -1289738027L, -640421198L, 388463232L, 
-962856343L, -19910949L, -471659988L, -322567622L, -1156051729L, 
-231743623L, -492936178L, -1753032228L, 789920333L, -39515721L, 
-1550538944L, 1619779102L, -1266210581L, -351545235L, -1108872998L, 
930877592L, -730798335L, 480832691L, 541837268L, 1237230306L, 
1840825207L, 922906305L, 10479174L, -1157015164L, 1792059189L, 
